6584637562
6589371024
6591390623
6593468838
6593366961
6590517280
6590744084
6591400211
6590109872
6593135129
6592898123
6590494216
6574919044
6568236214
6578372866
6578374268
6592800736
6574136668
6592705597
6590507851
6590510142
6592535188
6592466857
6586325164
6588261840
6592189203
6585561252
6591985645
6591754229
6591736886
6591734762
6564361722
6584936358
6584936491
6584936735
6578465847
6566994711
6568410870
6591222979
6590734001
6563157965
6589998943
6589595687
6562136929
6589424653
6589422735
6589421084
6589419371
6589417088
6589415141
6589413233
6589411271
6589409229
6589407066
6589404447
6589401974
6588970782
6561840132
6583186651
6585084594
6573349878
6583165662
6582956667
6588712798
6588713303
6582955939
6588710812
6587836538
6587804321
6587676297
6587653100
6584911816
6586787760
6586462090
6586431303
6559369534
6585906499
6585321737
6584698530
6584494660
6561118033
6584129954
6581466446
6580417279
6579855851
6560083800
6572612366
6575753040
6557280989
6576173194
6547479385
6574841583
6574679668
6573417509
6543777842
6549488011
6565336718
6565341329
6569213859
6568912664
6565898616
6565443453
6588839837
6588141847
6588143359
6589601981
6573866885
6573878453
6586440469
6567708992
6570286390
6564793204
6564748661
6590385041
6590376895
6590366696
6564559539
6583009889
6588511490
6563129201
6584637562
6589371024
6591390623
6593468838
6593366961
6590517280
6590744084
6591400211
6590109872
6593135129
6592898123
6590494216
6574919044
6568236214
6578372866
6578374268
6592800736
6574136668
6592705597
6590507851
6590510142
6592535188
6592466857
6586325164
6588261840
6592189203
6585561252
6591985645
6591754229
6591736886
6591734762
6564361722
6584936358
6584936491
6584936735
6578465847
6566994711
6568410870
6591222979
6590734001
6563157965
6589998943
6589595687
6562136929
6589424653
6589422735
6589421084
6589419371
6589417088
6589415141
6589413233
6589411271
6589409229
6589407066
6589404447
6589401974
6588970782
6561840132
6583186651
6585084594
6573349878
6583165662
6582956667
6588712798
6588713303
6582955939
6588710812
6587836538
6587804321
6587676297
6587653100
6584911816
6586787760
6586462090
6586431303
6559369534
6585906499
6585321737
6584698530
6584494660
6561118033
6584129954
6581466446
6580417279
6579855851
6560083800
6572612366
6575753040
6557280989
6576173194
6547479385
6574841583
6574679668
6573417509
6543777842
6549488011
6565336718
6565341329
6569213859
6568912664
6565898616
6565443453
6588839837
6588141847
6588143359
6589601981
6573866885
6573878453
6586440469
6567708992
6570286390
6564793204
6564748661
6590385041
6590376895
6590366696
6564559539
6583009889
6588511490
6563129201
6584637562
6589371024
6591390623
6593468838
6593366961
6590517280
6590744084
6591400211
6590109872
6593135129
6592898123
6590494216
6574919044
6568236214
6578372866
6578374268
6592800736
6574136668
6592705597
6590507851
6590510142
6592535188
6592466857
6586325164
6588261840
6592189203
6585561252
6591985645
6591754229
6591736886
6591734762
6564361722
6584936358
6584936491
6584936735
6578465847
6566994711
6568410870
6591222979
6590734001
6563157965
6589998943
6589595687
6562136929
6589424653
6589422735
6589421084
6589419371
6589417088
6589415141
6589413233
6589411271
6589409229
6589407066
6589404447
6589401974
6588970782
6561840132
6583186651
6585084594
6573349878
6583165662
6582956667
6588712798
6588713303
6582955939
6588710812
6587836538
6587804321
6587676297
6587653100
6584911816
6586787760
6586462090
6586431303
6559369534
6585906499
6585321737
6584698530
6584494660
6561118033
6584129954
6581466446
6580417279
6579855851
6560083800
6572612366
6575753040
6557280989
6576173194
6547479385
6574841583
6574679668
6573417509
6543777842
6549488011
6565336718
6565341329
6569213859
6568912664
6565898616
6565443453
6588839837
6588141847
6588143359
6589601981
6573866885
6573878453
6586440469
6567708992
6570286390
6564793204
6564748661
6590385041
6590376895
6590366696
6564559539
6583009889
6588511490
6563129201
6586325164
6593996996
6587653100
6578465847
6584936358
6584936491
6584936735
6591734762
6591736886
6584637562
6589371024
6591390623
6593468838
6590517280
6590744084
6591400211
6590109872
6593135129
6592898123
6590494216
6574919044
6568236214
6578372866
6578374268
6592800736
6574136668
6592705597
6590507851
6590510142
6592535188
6592466857
6588261840
6592189203
6585561252
6591754229
6564361722
6566994711
6568410870
6590734001
6563157965
6589998943
6589595687
6562136929
6589424653
6589422735
6589421084
6589419371
6589417088
6589415141
6589413233
6589411271
6589409229
6589407066
6589404447
6589401974
6588970782
6561840132
6583186651
6585084594
6573349878
6583165662
6582956667
6588712798
6588713303
6582955939
6588710812
6587836538
6587804321
6587676297
6584911816
6586787760
6586462090
6586431303
6559369534
6585906499
6585321737
6584698530
6584494660
6561118033
6584129954
6581466446
6580417279
6579855851
6560083800
6572612366
6575753040
6557280989
6576173194
6547479385
6574841583
6574679668
6573417509
6543777842
6549488011
6569213859
6568912664
6586440469
6588839837
6588141847
6588143359
6589601981
6573866885
6573878453
6565898616
6567708992
6565443453
6570286390
6590385041
6590376895
6590366696
6583009889
6564793204
6564748661
6588511490
6564559539
6563129201
6563558455
6563558201
6558835941
6583090699
6586325164
6593996996
6587653100
6578465847
6584936358
6584936491
6584936735
6591734762
6591736886
6584637562
6589371024
6591390623
6593468838
6590517280
6590744084
6591400211
6590109872
6593135129
6592898123
6590494216
6574919044
6568236214
6578372866
6578374268
6592800736
6574136668
6592705597
6590507851
6590510142
6592535188
6592466857
6588261840
6592189203
6585561252
6591754229
6564361722
6566994711
6568410870
6590734001
6563157965
6589998943
6589595687
6562136929
6589424653
6589422735
6589421084
6589419371
6589417088
6589415141
6589413233
6589411271
6589409229
6589407066
6589404447
6589401974
6588970782
6561840132
6583186651
6585084594
6573349878
6583165662
6582956667
6588712798
6588713303
6582955939
6588710812
6587836538
6587804321
6587676297
6584911816
6586787760
6586462090
6586431303
6559369534
6585906499
6585321737
6584698530
6584494660
6561118033
6584129954
6581466446
6580417279
6579855851
6560083800
6572612366
6575753040
6557280989
6576173194
6547479385
6574841583
6574679668
6573417509
6543777842
6549488011
6569213859
6568912664
6586440469
6588839837
6588141847
6588143359
6589601981
6573866885
6573878453
6565898616
6567708992
6565443453
6570286390
6590385041
6590376895
6590366696
6583009889
6564793204
6564748661
6588511490
6564559539
6563129201
6563558455
6563558201
6558835941
6583090699
6586325164
6593996996
6587653100
6578465847
6584936358
6584936491
6584936735
6591734762
6591736886
6584637562
6589371024
6591390623
6593468838
6590517280
6590744084
6591400211
6590109872
6593135129
6592898123
6590494216
6574919044
6568236214
6578372866
6578374268
6592800736
6574136668
6592705597
6590507851
6590510142
6592535188
6592466857
6588261840
6592189203
6585561252
6591754229
6564361722
6566994711
6568410870
6590734001
6563157965
6589998943
6589595687
6562136929
6589424653
6589422735
6589421084
6589419371
6589417088
6589415141
6589413233
6589411271
6589409229
6589407066
6589404447
6589401974
6588970782
6561840132
6583186651
6585084594
6573349878
6583165662
6582956667
6588712798
6588713303
6582955939
6588710812
6587836538
6587804321
6587676297
6584911816
6586787760
6586462090
6586431303
6559369534
6585906499
6585321737
6584698530
6584494660
6561118033
6584129954
6581466446
6580417279
6579855851
6560083800
6572612366
6575753040
6557280989
6576173194
6547479385
6574841583
6574679668
6573417509
6543777842
6549488011
6569213859
6568912664
6586440469
6588839837
6588141847
6588143359
6589601981
6573866885
6573878453
6565898616
6567708992
6565443453
6570286390
6590385041
6590376895
6590366696
6583009889
6564793204
6564748661
6588511490
6564559539
6563129201
6563558455
6563558201
6558835941
6583090699
6586325164
6593996996
6587653100
6578465847
6584936358
6584936491
6584936735
6591734762
6591736886
6584637562
6589371024
6591390623
6593468838
6590517280
6590744084
6591400211
6590109872
6593135129
6592898123
6590494216
6574919044
6568236214
6578372866
6578374268
6592800736
6574136668
6592705597
6590507851
6590510142
6592535188
6592466857
6588261840
6592189203
6585561252
6591754229
6564361722
6566994711
6568410870
6590734001
6563157965
6589998943
6589595687
6562136929
6589424653
6589422735
6589421084
6589419371
6589417088
6589415141
6589413233
6589411271
6589409229
6589407066
6589404447
6589401974
6588970782
6561840132
6583186651
6585084594
6573349878
6583165662
6582956667
6588712798
6588713303
6582955939
6588710812
6587836538
6587804321
6587676297
6584911816
6586787760
6586462090
6586431303
6559369534
6585906499
6585321737
6584698530
6584494660
6561118033
6584129954
6581466446
6580417279
6579855851
6560083800
6572612366
6575753040
6557280989
6576173194
6547479385
6574841583
6574679668
6573417509
6543777842
6549488011
6569213859
6568912664
6586440469
6588839837
6588141847
6588143359
6589601981
6573866885
6573878453
6565898616
6567708992
6565443453
6570286390
6590385041
6590376895
6590366696
6583009889
6564793204
6564748661
6588511490
6564559539
6563129201
6563558455
6563558201
6558835941
6583090699
6586325164
6593996996
6587653100
6578465847
6584936358
6584936491
6584936735
6591734762
6591736886
6584637562
6589371024
6591390623
6593468838
6590517280
6590744084
6591400211
6590109872
6593135129
6592898123
6590494216
6574919044
6568236214
6578372866
6578374268
6592800736
6574136668
6592705597
6590507851
6590510142
6592535188
6592466857
6588261840
6592189203
6585561252
6591754229
6564361722
6566994711
6568410870
6590734001
6563157965
6589998943
6589595687
6562136929
6589424653
6589422735
6589421084
6589419371
6589417088
6589415141
6589413233
6589411271
6589409229
6589407066
6589404447
6589401974
6588970782
6561840132
6583186651
6585084594
6573349878
6583165662
6582956667
6588712798
6588713303
6582955939
6588710812
6587836538
6587804321
6587676297
6584911816
6586787760
6586462090
6586431303
6559369534
6585906499
6585321737
6584698530
6584494660
6561118033
6584129954
6581466446
6580417279
6579855851
6560083800
6572612366
6575753040
6557280989
6576173194
6547479385
6574841583
6574679668
6573417509
6543777842
6549488011
6569213859
6568912664
6586440469
6588839837
6588141847
6588143359
6589601981
6573866885
6573878453
6565898616
6567708992
6565443453
6570286390
6590385041
6590376895
6590366696
6583009889
6564793204
6564748661
6588511490
6564559539
6563129201
6563558455
6563558201
6558835941
6583090699
6586325164
6593996996
6587653100
6578465847
6584936358
6584936491
6584936735
6591734762
6591736886
6584637562
6589371024
6591390623
6593468838
6590517280
6590744084
6591400211
6590109872
6593135129
6592898123
6590494216
6574919044
6568236214
6578372866
6578374268
6592800736
6574136668
6592705597
6590507851
6590510142
6592535188
6592466857
6588261840
6592189203
6585561252
6591754229
6564361722
6566994711
6568410870
6590734001
6563157965
6589998943
6589595687
6562136929
6589424653
6589422735
6589421084
6589419371
6589417088
6589415141
6589413233
6589411271
6589409229
6589407066
6589404447
6589401974
6588970782
6561840132
6583186651
6585084594
6573349878
6583165662
6582956667
6588712798
6588713303
6582955939
6588710812
6587836538
6587804321
6587676297
6584911816
6586787760
6586462090
6586431303
6559369534
6585906499
6585321737
6584698530
6584494660
6561118033
6584129954
6581466446
6580417279
6579855851
6560083800
6572612366
6575753040
6557280989
6576173194
6547479385
6574841583
6574679668
6573417509
6543777842
6549488011
6569213859
6568912664
6586440469
6588839837
6588141847
6588143359
6589601981
6573866885
6573878453
6565898616
6567708992
6565443453
6570286390
6590385041
6590376895
6590366696
6583009889
6564793204
6564748661
6588511490
6564559539
6563129201
6563558455
6563558201
6558835941
6583090699
6586325164
6593996996
6587653100
6578465847
6584936358
6584936491
6584936735
6591734762
6591736886
6584637562
6589371024
6591390623
6593468838
6590517280
6590744084
6591400211
6590109872
6593135129
6592898123
6590494216
6574919044
6568236214
6578372866
6578374268
6592800736
6574136668
6592705597
6590507851
6590510142
6592535188
6592466857
6588261840
6592189203
6585561252
6591754229
6564361722
6566994711
6568410870
6590734001
6563157965
6589998943
6589595687
6562136929
6589424653
6589422735
6589421084
6589419371
6589417088
6589415141
6589413233
6589411271
6589409229
6589407066
6589404447
6589401974
6588970782
6561840132
6583186651
6585084594
6573349878
6583165662
6582956667
6588712798
6588713303
6582955939
6588710812
6587836538
6587804321
6587676297
6584911816
6586787760
6586462090
6586431303
6559369534
6585906499
6585321737
6584698530
6584494660
6561118033
6584129954
6581466446
6580417279
6579855851
6560083800
6572612366
6575753040
6557280989
6576173194
6547479385
6574841583
6574679668
6573417509
6543777842
6549488011
6569213859
6568912664
6586440469
6588839837
6588141847
6588143359
6589601981
6573866885
6573878453
6565898616
6567708992
6565443453
6570286390
6590385041
6590376895
6590366696
6583009889
6564793204
6564748661
6588511490
6564559539
6563129201
6563558455
6563558201
6558835941
6583090699
6586325164
6593996996
6587653100
6578465847
6584936358
6584936491
6584936735
6591734762
6591736886
6584637562
6589371024
6591390623
6593468838
6590517280
6590744084
6591400211
6590109872
6593135129
6592898123
6590494216
6574919044
6568236214
6578372866
6578374268
6592800736
6574136668
6592705597
6590507851
6590510142
6592535188
6592466857
6588261840
6592189203
6585561252
6591754229
6564361722
6566994711
6568410870
6590734001
6563157965
6589998943
6589595687
6562136929
6589424653
6589422735
6589421084
6589419371
6589417088
6589415141
6589413233
6589411271
6589409229
6589407066
6589404447
6589401974
6588970782
6561840132
6583186651
6585084594
6573349878
6583165662
6582956667
6588712798
6588713303
6582955939
6588710812
6587836538
6587804321
6587676297
6584911816
6586787760
6586462090
6586431303
6559369534
6585906499
6585321737
6584698530
6584494660
6561118033
6584129954
6581466446
6580417279
6579855851
6560083800
6572612366
6575753040
6557280989
6576173194
6547479385
6574841583
6574679668
6573417509
6543777842
6549488011
6569213859
6568912664
6586440469
6588839837
6588141847
6588143359
6589601981
6573866885
6573878453
6565898616
6567708992
6565443453
6570286390
6590385041
6590376895
6590366696
6583009889
6564793204
6564748661
6588511490
6564559539
6563129201
6563558455
6563558201
6558835941
6583090699
6586325164
6593996996
6587653100
6578465847
6584936358
6584936491
6584936735
6591734762
6591736886
6584637562
6589371024
6591390623
6593468838
6590517280
6590744084
6591400211
6590109872
6593135129
6592898123
6590494216
6574919044
6568236214
6578372866
6578374268
6592800736
6574136668
6592705597
6590507851
6590510142
6592535188
6592466857
6588261840
6592189203
6585561252
6591754229
6564361722
6566994711
6568410870
6590734001
6563157965
6589998943
6589595687
6562136929
6589424653
6589422735
6589421084
6589419371
6589417088
6589415141
6589413233
6589411271
6589409229
6589407066
6589404447
6589401974
6588970782
6561840132
6583186651
6585084594
6573349878
6583165662
6582956667
6588712798
6588713303
6582955939
6588710812
6587836538
6587804321
6587676297
6584911816
6586787760
6586462090
6586431303
6559369534
6585906499
6585321737
6584698530
6584494660
6561118033
6584129954
6581466446
6580417279
6579855851
6560083800
6572612366
6575753040
6557280989
6576173194
6547479385
6574841583
6574679668
6573417509
6543777842
6549488011
6569213859
6568912664
6586440469
6588839837
6588141847
6588143359
6589601981
6573866885
6573878453
6565898616
6567708992
6565443453
6570286390
6590385041
6590376895
6590366696
6583009889
6564793204
6564748661
6588511490
6564559539
6563129201
6563558455
6563558201
6558835941
6583090699
6586325164
6593996996
6587653100
6578465847
6584936358
6584936491
6584936735
6591734762
6591736886
6584637562
6589371024
6591390623
6593468838
6590517280
6590744084
6591400211
6590109872
6593135129
6592898123
6590494216
6574919044
6568236214
6578372866
6578374268
6592800736
6574136668
6592705597
6590507851
6590510142
6592535188
6592466857
6588261840
6592189203
6585561252
6591754229
6564361722
6566994711
6568410870
6590734001
6563157965
6589998943
6589595687
6562136929
6589424653
6589422735
6589421084
6589419371
6589417088
6589415141
6589413233
6589411271
6589409229
6589407066
6589404447
6589401974
6588970782
6561840132
6583186651
6585084594
6573349878
6583165662
6582956667
6588712798
6588713303
6582955939
6588710812
6587836538
6587804321
6587676297
6584911816
6586787760
6586462090
6586431303
6559369534
6585906499
6585321737
6584698530
6584494660
6561118033
6584129954
6581466446
6580417279
6579855851
6560083800
6572612366
6575753040
6557280989
6576173194
6547479385
6574841583
6574679668
6573417509
6543777842
6549488011
6569213859
6568912664
6586440469
6588839837
6588141847
6588143359
6589601981
6573866885
6573878453
6565898616
6567708992
6565443453
6570286390
6590385041
6590376895
6590366696
6583009889
6564793204
6564748661
6588511490
6564559539
6563129201
6563558455
6563558201
6558835941
6583090699
